S,1,1
L,0
G,540,608
R,1, ,2,2,428,370,0,546,370,0,2,2,10,10
R,3,2,10,2,586,370,0,874,370,0,2,2,10,10
R,4, ,2,2,567,233,0,566,350,0,2,2,10,10
R,5,2,6,2,566,390,0,566,630,0,2,2,10,10
R,7, ,6,2,433,610,0,546,650,0,2,2,10,10
R,8,6,12,2,586,650,0,798,696,0,2,2,10,10
R,9,6, ,2,566,670,0,566,781,0,2,2,10,10
R,11,10,16,2,914,370,0,1133,370,0,2,2,10,10
R,13,10,12,2,894,390,0,822,679,0,2,2,10,10
R,14, ,12,2,784,833,0,813,720,0,2,2,10,10
R,15,10, ,2,894,350,0,894,228,0,2,2,10,10
R,17,16, ,2,1173,370,0,1373,370,0,2,2,10,10
R,18,16, ,2,1153,350,0,1153,225,0,2,2,10,10
R,19,20,16,2,1116,643,0,1153,390,0,2,2,10,10
R,21,20, ,2,1132,664,0,1252,683,0,2,2,10,10
R,22,20, ,2,1111,680,0,1092,787,0,2,2,10,10
R,23,12,20,4,835,705,0,918,717,0,958,652,0,1094,660,0,2,2,10,8
C,2,0,5,1,3,4,5,0,4,546,350,0,586,350,0,586,390,0,546,390,0,14
C,6,0,5,7,8,5,9,0,4,546,630,0,586,630,0,586,670,0,546,670,0,14
C,10,0,5,3,11,15,13,0,4,874,350,0,914,350,0,914,390,0,874,390,0,14
C,12,0,5,8,23,13,14,0,4,802,677,0,839,686,0,832,724,0,795,716,0,14
C,16,0,5,11,17,18,19,0,4,1133,350,0,1173,350,0,1173,390,0,1133,390,0,14
C,20,0,5,23,21,19,22,0,4,1098,641,0,1135,646,0,1130,683,0,1093,678,0,14