R,2,7,1,2,1005,1295,0,1625,1298,0,4,4,10,10
R,4,1, ,2,1710,1180,0,1580,801,0,4,4,10,10
R,5,1, ,2,1848,1225,0,2296,915,0,4,4,10,10
R,6,1, ,2,1848,1370,0,2287,1711,0,4,4,10,10
R,8,7, ,2,965,1255,0,967,912,0,4,4,10,10
R,14, ,7,2,262,1291,0,925,1295,0,4,4,10,10
R,3,10,1,2,1555,2000,0,1710,1414,0,4,4,10,10
R,16,10, ,2,1535,2072,0,1481,2328,0,4,4,10,10
R,17,10, ,2,1581,2046,0,1952,2130,0,4,4,10,10
R,15,11,10,26,1013,2106,0,1022,2106,0,1036,2107,0,1053,2107,0,1073,2106,0,1094,2104,0,1119,2102,0,1146,2097,0,1162,2092,0,1180,2087,0,1199,2078,0,1221,2067,0,1244,2054,0,1269,2041,0,1293,2027,0,1318,2015,0,1341,2006,0,1363,2000,0,1384,1998,0,1405,1999,0,1427,2002,0,1448,2007,0,1467,2012,0,1484,2018,0,1499,2022,0,1510,2025,0,4,4,10,10
R,9,7,11,2,965,1335,0,973,2066,0,4,4,10,10
R,13, ,11,2,258,2110,0,933,2106,0,4,4,10,10
R,12,11, ,2,973,2146,0,973,2508,0,4,4,10,10
C,1,3,5,2,5,4,3,6,10,1625,1338,0,1625,1258,0,1672,1193,0,1749,1168,0,1825,1193,0,1872,1257,0,1872,1338,0,1825,1402,0,1749,1427,0,1672,1402,0,50,50
C,7,0,5,14,2,8,9,0,4,925,1255,0,1005,1255,0,1005,1335,0,925,1335,0,16
C,10,0,5,15,17,3,16,0,4,1519,1990,0,1591,2010,0,1571,2082,0,1499,2062,0,16
C,11,0,5,13,15,9,12,0,4,933,2066,0,1013,2066,0,1013,2146,0,933,2146,0,16
S,1,1
L,0
G,-212,1707
