R,1, ,5,2,100,300,0,300,300,0,3,3,10,5
R,2,5,6,2,300,300,0,500,300,0,3,3,10,5
R,3,6, ,2,500,300,0,700,300,0,3,3,10,5
R,4, ,5,2,300,100,0,300,280,0,3,3,10,5
R,5,6, ,2,500,100,0,500,280,0,3,3,10,5
R,6,5,7,2,300,300,0,300,500,0,3,3,10,5
R,7,6,7,2,500,300,0,500,500,0,3,3,10,5
R,8,7, ,2,300,500,0,100,500,0,3,3,10,5
R,9,7, ,2,500,500,0,700,500,0,3,3,10,5
C,5,0,5,1,4,2,6,0,4,300,280,0,320,300,0,300,320,0,280,300,0,16
C,6,0,5,2,5,3,7,0,4,500,280,0,520,300,0,500,320,0,480,300,0,16
C,7,0,5,6,8,7,9,0,4,300,500,0,320,480,0,300,460,0,280,480,0,16
S,1,1
L,0
G,300,300