R,1, ,9,2,560,709,0,779,650,0,2,2,10,10
R,5, ,9,2,731,429,0,794,625,0,2,2,10,10
R,11,10,9,20,956,1227,0,955,1219,0,954,1209,0,952,1197,0,951,1184,0,947,1154,0,942,1123,0,934,1089,0,925,1052,0,915,1014,0,905,976,0,882,902,0,857,826,0,850,805,0,843,782,0,827,736,0,820,714,0,813,694,0,808,677,0,804,665,0,2,2,10,10
R,3, ,10,2,532,1242,0,935,1246,0,2,2,10,10
R,4,10, ,2,955,1266,0,975,1552,0,2,2,10,10
R,12,10,13,24,975,1246,0,986,1246,0,1001,1246,0,1019,1246,0,1038,1246,0,1079,1246,0,1097,1246,0,1114,1246,0,1127,1246,0,1140,1246,0,1162,1246,0,1184,1246,0,1196,1247,0,1209,1247,0,1238,1247,0,1269,1247,0,1335,1248,0,1352,1248,0,1371,1248,0,1409,1248,0,1427,1248,0,1444,1249,0,1457,1249,0,1468,1249,0,2,2,10,10
R,18, ,13,2,1486,1542,0,1488,1269,0,2,2,10,10
R,14,15,13,29,1473,507,0,1475,517,0,1478,531,0,1481,547,0,1485,565,0,1492,603,0,1495,622,0,1498,641,0,1500,676,0,1502,712,0,1502,748,0,1502,787,0,1501,824,0,1500,862,0,1499,882,0,1498,903,0,1497,927,0,1496,953,0,1495,967,0,1495,984,0,1493,1020,0,1492,1060,0,1490,1101,0,1489,1140,0,1488,1176,0,1487,1192,0,1486,1206,0,1486,1218,0,1486,1228,0,2,2,10,10
R,17,15, ,2,1465,467,0,1413,241,0,2,2,10,10
R,2,15,19,2,1489,483,0,1964,401,0,2,2,10,10
R,8, ,19,2,1945,184,0,1980,378,0,2,2,10,10
R,7,19, ,2,2003,394,0,2243,350,0,2,2,10,10
R,20,19,21,22,1986,416,0,1990,429,0,1995,447,0,2002,468,0,2009,492,0,2024,541,0,2031,565,0,2038,587,0,2049,626,0,2059,665,0,2069,702,0,2076,741,0,2080,780,0,2082,820,0,2083,859,0,2084,896,0,2084,932,0,2085,967,0,2085,984,0,2085,998,0,2085,1010,0,2085,1020,0,2,2,10,10
R,22,13,21,36,1508,1249,0,1518,1249,0,1533,1250,0,1551,1251,0,1570,1252,0,1590,1252,0,1608,1250,0,1625,1245,0,1638,1238,0,1646,1226,0,1652,1209,0,1656,1190,0,1658,1170,0,1661,1149,0,1665,1129,0,1671,1111,0,1680,1097,0,1691,1086,0,1704,1076,0,1719,1069,0,1735,1062,0,1752,1057,0,1772,1052,0,1793,1048,0,1816,1045,0,1829,1043,0,1843,1042,0,1876,1040,0,1912,1039,0,1949,1038,0,1985,1038,0,2017,1039,0,2032,1039,0,2045,1039,0,2056,1039,0,2065,1039,0,2,2,10,10
R,23,21, ,2,2105,1039,0,2305,1039,0,2,2,10,10
R,6,21, ,2,2085,1059,0,2087,1318,0,2,2,10,10
R,24,9,15,2,820,642,0,1448,494,0,2,2,10,3
C,9,0,5,1,24,5,11,0,4,774,630,0,814,620,0,824,660,0,784,670,0,14
C,10,0,5,3,12,11,4,0,4,935,1226,0,975,1226,0,975,1266,0,935,1266,0,14
C,13,0,5,12,22,14,18,0,4,1468,1229,0,1508,1229,0,1508,1269,0,1468,1269,0,14
C,15,0,5,24,2,17,14,0,4,1445,471,0,1485,463,0,1493,503,0,1453,511,0,14
C,19,0,5,2,7,8,20,0,4,1961,382,0,2000,375,0,2007,414,0,1968,421,0,14
C,21,0,5,22,23,20,6,0,4,2065,1019,0,2105,1019,0,2105,1059,0,2065,1059,0,14
S,1,1
L,0
G,753,1368
